1.000000e+00	 0.000000e+00	 0.000000e+00	 0.000000e+00	 1.000000e+00	 0.000000e+00	 0.000000e+00	 1.403652e+00	 1.201826e+00	 1.000000e+00
1.000000e+00	 0.000000e+00	 0.000000e+00	 0.000000e+00	 1.000000e+00	 0.000000e+00	 0.000000e+00	 2.099860e+00	 1.565205e+00	 1.000000e+00
1.000000e+00	 0.000000e+00	 0.000000e+00	 0.000000e+00	 1.000000e+00	 0.000000e+00	 0.000000e+00	 3.448936e+00	 2.280208e+00	 1.000000e+00
1.000000e+00	 0.000000e+00	 0.000000e+00	 0.000000e+00	 1.000000e+00	 0.000000e+00	 0.000000e+00	 5.822962e+00	 3.570952e+00	 1.000000e+00
1.000000e+00	 0.000000e+00	 0.000000e+00	 0.000000e+00	 1.000000e+00	 0.000000e+00	 0.000000e+00	 4.221738e+00	 5.908004e+00	 1.000000e+00
1.000000e+00	 0.000000e+00	 0.000000e+00	 0.000000e+00	 1.000000e+00	 0.000000e+00	 0.000000e+00	 9.234243e+00	 2.978808e+00	 1.000000e+00
1.000000e+00	 0.000000e+00	 0.000000e+00	 0.000000e+00	 1.000000e+00	 0.000000e+00	 0.000000e+00	 8.866648e+00	 8.264791e+00	 1.000000e+00
1.000000e+00	 0.000000e+00	 0.000000e+00	 0.000000e+00	 1.000000e+00	 0.000000e+00	 0.000000e+00	 1.143628e+01	 7.314354e+00	 1.000000e+00
1.000000e+00	 0.000000e+00	 0.000000e+00	 0.000000e+00	 1.000000e+00	 0.000000e+00	 0.000000e+00	 1.716405e+01	 1.134287e+01	 1.000000e+00
1.000000e+00	 0.000000e+00	 0.000000e+00	 0.000000e+00	 1.000000e+00	 0.000000e+00	 0.000000e+00	 2.428525e+01	 1.694025e+01	 1.000000e+00
1.000000e+00	 0.000000e+00	 0.000000e+00	 0.000000e+00	 1.000000e+00	 0.000000e+00	 0.000000e+00	 3.520901e+01	 2.571888e+01	 1.000000e+00
1.000000e+00	 0.000000e+00	 0.000000e+00	 0.000000e+00	 1.000000e+00	 0.000000e+00	 0.000000e+00	 5.027163e+01	 3.876608e+01	 1.000000e+00
1.000000e+00	 0.000000e+00	 0.000000e+00	 0.000000e+00	 1.000000e+00	 0.000000e+00	 0.000000e+00	 7.200304e+01	 5.861696e+01	 1.000000e+00
1.000000e+00	 0.000000e+00	 0.000000e+00	 0.000000e+00	 1.000000e+00	 0.000000e+00	 0.000000e+00	 1.025028e+02	 8.851022e+01	 1.000000e+00
1.000000e+00	 0.000000e+00	 0.000000e+00	 0.000000e+00	 1.000000e+00	 0.000000e+00	 0.000000e+00	 1.455923e+02	 1.337294e+02	 1.000000e+00
1.000000e+00	 0.000000e+00	 0.000000e+00	 0.000000e+00	 1.000000e+00	 0.000000e+00	 0.000000e+00	 2.058143e+02	 2.019971e+02	 1.000000e+00
1.000000e+00	 0.000000e+00	 0.000000e+00	 0.000000e+00	 1.000000e+00	 0.000000e+00	 0.000000e+00	 2.896763e+02	 3.051503e+02	 1.000000e+00
1.000000e+00	 0.000000e+00	 0.000000e+00	 0.000000e+00	 1.000000e+00	 0.000000e+00	 0.000000e+00	 4.054519e+02	 4.609569e+02	 1.000000e+00
1.000000e+00	 0.000000e+00	 0.000000e+00	 0.000000e+00	 1.000000e+00	 0.000000e+00	 0.000000e+00	 5.639804e+02	 6.963324e+02	 1.000000e+00
1.000000e+00	 0.000000e+00	 0.000000e+00	 0.000000e+00	 1.000000e+00	 0.000000e+00	 0.000000e+00	 7.786593e+02	 1.051886e+03	 1.000000e+00
1.000000e+00	 0.000000e+00	 0.000000e+00	 0.000000e+00	 1.000000e+00	 0.000000e+00	 0.000000e+00	 1.065551e+03	 1.588995e+03	 1.000000e+00
1.000000e+00	 0.000000e+00	 0.000000e+00	 0.000000e+00	 1.000000e+00	 0.000000e+00	 0.000000e+00	 1.442393e+03	 2.400355e+03	 1.000000e+00
1.000000e+00	 0.000000e+00	 0.000000e+00	 0.000000e+00	 1.000000e+00	 0.000000e+00	 0.000000e+00	 1.926269e+03	 3.626009e+03	 1.000000e+00
1.000000e+00	 0.000000e+00	 0.000000e+00	 0.000000e+00	 1.000000e+00	 0.000000e+00	 0.000000e+00	 2.528216e+03	 5.477497e+03	 1.000000e+00
1.000000e+00	 0.000000e+00	 0.000000e+00	 0.000000e+00	 1.000000e+00	 0.000000e+00	 0.000000e+00	 3.242664e+03	 8.274380e+03	 1.000000e+00
1.000000e+00	 0.000000e+00	 0.000000e+00	 0.000000e+00	 1.000000e+00	 0.000000e+00	 0.000000e+00	 4.027550e+03	 1.249939e+04	 1.000000e+00
1.000000e+00	 0.000000e+00	 0.000000e+00	 0.000000e+00	 1.000000e+00	 0.000000e+00	 0.000000e+00	 4.768539e+03	 1.888174e+04	 1.000000e+00
1.000000e+00	 0.000000e+00	 0.000000e+00	 0.000000e+00	 1.000000e+00	 0.000000e+00	 0.000000e+00	 5.216157e+03	 2.852301e+04	 1.000000e+00
1.000000e+00	 0.000000e+00	 0.000000e+00	 0.000000e+00	 1.000000e+00	 0.000000e+00	 0.000000e+00	 4.877614e+03	 4.308724e+04	 1.000000e+00
1.000000e+00	 0.000000e+00	 0.000000e+00	 0.000000e+00	 1.000000e+00	 0.000000e+00	 0.000000e+00	 2.833354e+03	 6.508815e+04	 1.000000e+00
1.000000e+00	 0.000000e+00	 0.000000e+00	 0.000000e+00	 1.000000e+00	 0.000000e+00	 0.000000e+00	 -2.570279e+03	 9.832302e+04	 1.000000e+00
1.000000e+00	 0.000000e+00	 0.000000e+00	 0.000000e+00	 1.000000e+00	 0.000000e+00	 0.000000e+00	 -1.680125e+04	 1.485281e+05	 1.000000e+00
1.000000e+00	 0.000000e+00	 0.000000e+00	 0.000000e+00	 1.000000e+00	 0.000000e+00	 0.000000e+00	 -5.393099e+04	 2.243685e+05	 1.000000e+00
1.000000e+00	 0.000000e+00	 0.000000e+00	 0.000000e+00	 1.000000e+00	 0.000000e+00	 0.000000e+00	 -1.336339e+05	 3.389340e+05	 1.000000e+00
1.000000e+00	 0.000000e+00	 0.000000e+00	 0.000000e+00	 1.000000e+00	 0.000000e+00	 0.000000e+00	 -2.897063e+05	 5.119981e+05	 1.000000e+00
1.000000e+00	 0.000000e+00	 0.000000e+00	 0.000000e+00	 1.000000e+00	 0.000000e+00	 0.000000e+00	 -5.793580e+05	 7.734312e+05	 1.000000e+00
1.000000e+00	 0.000000e+00	 0.000000e+00	 0.000000e+00	 1.000000e+00	 0.000000e+00	 0.000000e+00	 -1.098311e+06	 1.168355e+06	 1.000000e+00
1.000000e+00	 0.000000e+00	 0.000000e+00	 0.000000e+00	 1.000000e+00	 0.000000e+00	 0.000000e+00	 -2.005216e+06	 1.764933e+06	 1.000000e+00
1.000000e+00	 0.000000e+00	 0.000000e+00	 0.000000e+00	 1.000000e+00	 0.000000e+00	 0.000000e+00	 -3.560954e+06	 2.666131e+06	 1.000000e+00
1.000000e+00	 0.000000e+00	 0.000000e+00	 0.000000e+00	 1.000000e+00	 0.000000e+00	 0.000000e+00	 -6.191676e+06	 4.027494e+06	 1.000000e+00
1.000000e+00	 0.000000e+00	 0.000000e+00	 0.000000e+00	 1.000000e+00	 0.000000e+00	 0.000000e+00	 -1.058956e+07	 6.083985e+06	 1.000000e+00
1.000000e+00	 0.000000e+00	 0.000000e+00	 0.000000e+00	 1.000000e+00	 0.000000e+00	 0.000000e+00	 -1.787340e+07	 9.190549e+06	 1.000000e+00
1.000000e+00	 0.000000e+00	 0.000000e+00	 0.000000e+00	 1.000000e+00	 0.000000e+00	 0.000000e+00	 -2.984374e+07	 1.388336e+07	 1.000000e+00
1.000000e+00	 0.000000e+00	 0.000000e+00	 0.000000e+00	 1.000000e+00	 0.000000e+00	 0.000000e+00	 -4.938749e+07	 2.097239e+07	 1.000000e+00
1.000000e+00	 0.000000e+00	 0.000000e+00	 0.000000e+00	 1.000000e+00	 0.000000e+00	 0.000000e+00	 -8.111784e+07	 3.168118e+07	 1.000000e+00
1.000000e+00	 0.000000e+00	 0.000000e+00	 0.000000e+00	 1.000000e+00	 0.000000e+00	 0.000000e+00	 -1.323845e+08	 4.785801e+07	 1.000000e+00
1.000000e+00	 0.000000e+00	 0.000000e+00	 0.000000e+00	 1.000000e+00	 0.000000e+00	 0.000000e+00	 -2.148655e+08	 7.229494e+07	 1.000000e+00
1.000000e+00	 0.000000e+00	 0.000000e+00	 0.000000e+00	 1.000000e+00	 0.000000e+00	 0.000000e+00	 -3.470713e+08	 1.092097e+08	 1.000000e+00
1.000000e+00	 0.000000e+00	 0.000000e+00	 0.000000e+00	 1.000000e+00	 0.000000e+00	 0.000000e+00	 -5.582773e+08	 1.649736e+08	 1.000000e+00
1.000000e+00	 0.000000e+00	 0.000000e+00	 0.000000e+00	 1.000000e+00	 0.000000e+00	 0.000000e+00	 -8.946909e+08	 2.492113e+08	 1.000000e+00
1.000000e+00	 0.000000e+00	 0.000000e+00	 0.000000e+00	 1.000000e+00	 0.000000e+00	 0.000000e+00	 -1.429111e+09	 3.764619e+08	 1.000000e+00
1.000000e+00	 0.000000e+00	 0.000000e+00	 0.000000e+00	 1.000000e+00	 0.000000e+00	 0.000000e+00	 -2.276034e+09	 5.686884e+08	 1.000000e+00
1.000000e+00	 0.000000e+00	 0.000000e+00	 0.000000e+00	 1.000000e+00	 0.000000e+00	 0.000000e+00	 -3.615261e+09	 8.590682e+08	 1.000000e+00
1.000000e+00	 0.000000e+00	 0.000000e+00	 0.000000e+00	 1.000000e+00	 0.000000e+00	 0.000000e+00	 -5.728730e+09	 1.297720e+09	 1.000000e+00
1.000000e+00	 0.000000e+00	 0.000000e+00	 0.000000e+00	 1.000000e+00	 0.000000e+00	 0.000000e+00	 -9.057946e+09	 1.960353e+09	 1.000000e+00
1.000000e+00	 0.000000e+00	 0.000000e+00	 0.000000e+00	 1.000000e+00	 0.000000e+00	 0.000000e+00	 -1.429343e+10	 2.961335e+09	 1.000000e+00
1.000000e+00	 0.000000e+00	 0.000000e+00	 0.000000e+00	 1.000000e+00	 0.000000e+00	 0.000000e+00	 -2.251389e+10	 4.473432e+09	 1.000000e+00
1.000000e+00	 0.000000e+00	 0.000000e+00	 0.000000e+00	 1.000000e+00	 0.000000e+00	 0.000000e+00	 -3.540264e+10	 6.757626e+09	 1.000000e+00
1.000000e+00	 0.000000e+00	 0.000000e+00	 0.000000e+00	 1.000000e+00	 0.000000e+00	 0.000000e+00	 -5.558379e+10	 1.020816e+10	 1.000000e+00
1.000000e+00	 0.000000e+00	 0.000000e+00	 0.000000e+00	 1.000000e+00	 0.000000e+00	 0.000000e+00	 -8.714409e+10	 1.542058e+10	 1.000000e+00
1.000000e+00	 0.000000e+00	 0.000000e+00	 0.000000e+00	 1.000000e+00	 0.000000e+00	 0.000000e+00	 -1.364425e+11	 2.329453e+10	 1.000000e+00
1.000000e+00	 0.000000e+00	 0.000000e+00	 0.000000e+00	 1.000000e+00	 0.000000e+00	 0.000000e+00	 -2.133650e+11	 3.518903e+10	 1.000000e+00
1.000000e+00	 0.000000e+00	 0.000000e+00	 0.000000e+00	 1.000000e+00	 0.000000e+00	 0.000000e+00	 -3.332687e+11	 5.315702e+10	 1.000000e+00
1.000000e+00	 0.000000e+00	 0.000000e+00	 0.000000e+00	 1.000000e+00	 0.000000e+00	 0.000000e+00	 -5.199914e+11	 8.029969e+10	 1.000000e+00
1.000000e+00	 0.000000e+00	 0.000000e+00	 0.000000e+00	 1.000000e+00	 0.000000e+00	 0.000000e+00	 -8.105087e+11	 1.213018e+11	 1.000000e+00
1.000000e+00	 0.000000e+00	 0.000000e+00	 0.000000e+00	 1.000000e+00	 0.000000e+00	 0.000000e+00	 -1.262135e+12	 1.832401e+11	 1.000000e+00
1.000000e+00	 0.000000e+00	 0.000000e+00	 0.000000e+00	 1.000000e+00	 0.000000e+00	 0.000000e+00	 -1.963652e+12	 2.768049e+11	 1.000000e+00
1.000000e+00	 0.000000e+00	 0.000000e+00	 0.000000e+00	 1.000000e+00	 0.000000e+00	 0.000000e+00	 -3.052508e+12	 4.181452e+11	 1.000000e+00
1.000000e+00	 0.000000e+00	 0.000000e+00	 0.000000e+00	 1.000000e+00	 0.000000e+00	 0.000000e+00	 -4.741356e+12	 6.316556e+11	 1.000000e+00
1.000000e+00	 0.000000e+00	 0.000000e+00	 0.000000e+00	 1.000000e+00	 0.000000e+00	 0.000000e+00	 -7.359032e+12	 9.541873e+11	 1.000000e+00
1.000000e+00	 0.000000e+00	 0.000000e+00	 0.000000e+00	 1.000000e+00	 0.000000e+00	 0.000000e+00	 -1.141375e+13	 1.441408e+12	 1.000000e+00
1.000000e+00	 0.000000e+00	 0.000000e+00	 0.000000e+00	 1.000000e+00	 0.000000e+00	 0.000000e+00	 -1.769058e+13	 2.177410e+12	 1.000000e+00
1.000000e+00	 0.000000e+00	 0.000000e+00	 0.000000e+00	 1.000000e+00	 0.000000e+00	 0.000000e+00	 -2.740160e+13	 3.289225e+12	 1.000000e+00
1.000000e+00	 0.000000e+00	 0.000000e+00	 0.000000e+00	 1.000000e+00	 0.000000e+00	 0.000000e+00	 -4.241737e+13	 4.968746e+12	 1.000000e+00
1.000000e+00	 0.000000e+00	 0.000000e+00	 0.000000e+00	 1.000000e+00	 0.000000e+00	 0.000000e+00	 -6.562336e+13	 7.505854e+12	 1.000000e+00
1.000000e+00	 0.000000e+00	 0.000000e+00	 0.000000e+00	 1.000000e+00	 0.000000e+00	 0.000000e+00	 -1.014686e+14	 1.133844e+13	 1.000000e+00
1.000000e+00	 0.000000e+00	 0.000000e+00	 0.000000e+00	 1.000000e+00	 0.000000e+00	 0.000000e+00	 -1.568102e+14	 1.712800e+13	 1.000000e+00
1.000000e+00	 0.000000e+00	 0.000000e+00	 0.000000e+00	 1.000000e+00	 0.000000e+00	 0.000000e+00	 -2.422127e+14	 2.587379e+13	 1.000000e+00
1.000000e+00	 0.000000e+00	 0.000000e+00	 0.000000e+00	 1.000000e+00	 0.000000e+00	 0.000000e+00	 -3.739460e+14	 3.908529e+13	 1.000000e+00
1.000000e+00	 0.000000e+00	 0.000000e+00	 0.000000e+00	 1.000000e+00	 0.000000e+00	 0.000000e+00	 -5.770578e+14	 5.904275e+13	 1.000000e+00
1.000000e+00	 0.000000e+00	 0.000000e+00	 0.000000e+00	 1.000000e+00	 0.000000e+00	 0.000000e+00	 -8.900951e+14	 8.919076e+13	 1.000000e+00
1.000000e+00	 0.000000e+00	 0.000000e+00	 0.000000e+00	 1.000000e+00	 0.000000e+00	 0.000000e+00	 -1.372361e+15	 1.347327e+14	 1.000000e+00
1.000000e+00	 0.000000e+00	 0.000000e+00	 0.000000e+00	 1.000000e+00	 0.000000e+00	 0.000000e+00	 -2.115058e+15	 2.035291e+14	 1.000000e+00
1.000000e+00	 0.000000e+00	 0.000000e+00	 0.000000e+00	 1.000000e+00	 0.000000e+00	 0.000000e+00	 -3.258407e+15	 3.074537e+14	 1.000000e+00
1.000000e+00	 0.000000e+00	 0.000000e+00	 0.000000e+00	 1.000000e+00	 0.000000e+00	 0.000000e+00	 -5.017924e+15	 4.644437e+14	 1.000000e+00
1.000000e+00	 0.000000e+00	 0.000000e+00	 0.000000e+00	 1.000000e+00	 0.000000e+00	 0.000000e+00	 -7.724755e+15	 7.015948e+14	 1.000000e+00
1.000000e+00	 0.000000e+00	 0.000000e+00	 0.000000e+00	 1.000000e+00	 0.000000e+00	 0.000000e+00	 -1.188757e+16	 1.059838e+15	 1.000000e+00
1.000000e+00	 0.000000e+00	 0.000000e+00	 0.000000e+00	 1.000000e+00	 0.000000e+00	 0.000000e+00	 -1.828752e+16	 1.601006e+15	 1.000000e+00
1.000000e+00	 0.000000e+00	 0.000000e+00	 0.000000e+00	 1.000000e+00	 0.000000e+00	 0.000000e+00	 -2.812388e+16	 2.418501e+15	 1.000000e+00
1.000000e+00	 0.000000e+00	 0.000000e+00	 0.000000e+00	 1.000000e+00	 0.000000e+00	 0.000000e+00	 -4.323734e+16	 3.653419e+15	 1.000000e+00
1.000000e+00	 0.000000e+00	 0.000000e+00	 0.000000e+00	 1.000000e+00	 0.000000e+00	 0.000000e+00	 -6.645246e+16	 5.518904e+15	 1.000000e+00
1.000000e+00	 0.000000e+00	 0.000000e+00	 0.000000e+00	 1.000000e+00	 0.000000e+00	 0.000000e+00	 -1.021024e+17	 8.336929e+15	 1.000000e+00
1.000000e+00	 0.000000e+00	 0.000000e+00	 0.000000e+00	 1.000000e+00	 0.000000e+00	 0.000000e+00	 -1.568331e+17	 1.259388e+16	 1.000000e+00
1.000000e+00	 0.000000e+00	 0.000000e+00	 0.000000e+00	 1.000000e+00	 0.000000e+00	 0.000000e+00	 -2.408354e+17	 1.902448e+16	 1.000000e+00
1.000000e+00	 0.000000e+00	 0.000000e+00	 0.000000e+00	 1.000000e+00	 0.000000e+00	 0.000000e+00	 -3.697328e+17	 2.873862e+16	 1.000000e+00
1.000000e+00	 0.000000e+00	 0.000000e+00	 0.000000e+00	 1.000000e+00	 0.000000e+00	 0.000000e+00	 -5.674716e+17	 4.341295e+16	 1.000000e+00
1.000000e+00	 0.000000e+00	 0.000000e+00	 0.000000e+00	 1.000000e+00	 0.000000e+00	 0.000000e+00	 -8.707475e+17	 6.558018e+16	 1.000000e+00
1.000000e+00	 0.000000e+00	 0.000000e+00	 0.000000e+00	 1.000000e+00	 0.000000e+00	 0.000000e+00	 -1.335782e+18	 9.906628e+16	 1.000000e+00
1.000000e+00	 0.000000e+00	 0.000000e+00	 0.000000e+00	 1.000000e+00	 0.000000e+00	 0.000000e+00	 -2.048697e+18	 1.496508e+17	 1.000000e+00
1.000000e+00	 0.000000e+00	 0.000000e+00	 0.000000e+00	 1.000000e+00	 0.000000e+00	 0.000000e+00	 -3.141385e+18	 2.260645e+17	 1.000000e+00
